10103030
NoReader
31
53
51
1

10103030
NoReader
0
0
0
2

10103030
NimitNagpal	
10
0
20
3

20012001
NimitNagpal
20
10
39
4

90109010
michaeljackson
20
30
40
5

90210143
RNagpal
30
40
42
6

78787878
ferdeenafsari
33
25
44
7

30033003
lucifer
40
36
66
8

14001400
NoReader
0
0
0
9

29293000
DrDre
25
32
44
10

19841984
lucifer
23
44
52
11

81048104
stanleykubrick
24
25
26
12

12481632
einstein
33
44
55
13

11235813
christophernolan
22
44
53
14

80089000
jeremy
2
33
44
15

90109010
NoReader
0
0
0
16

10103030
NoReader
0
0
0
17

90210143
FrancesA
104
92
124
18

30033003
NoReader
0
0
0
19

20012001
christophernolan
23
24
55
20

78787878
stanleykubrick
33
42
52
21

11235813
NoReader
0
0
0
22

14001400
NoReader
0
0
0
23

81048104
lucifer
2
33
42
24

12481632
NoReader
33
45
55
25

40014002
NoReader
0
0
0
26

80089000
DrDre
44
21
55
27

